I
1000 Version - Iran FIR custom airports (from AIP, generated)
1        8 0 0 OIAA Abadan
100  35.00 1 0 0.25 1 2 1 14L  30.37133333   48.22896944 0.00 0.00 2 6 1 1 32R  30.35468333   48.24261667 0.00 0.00 2 6 1 1
100  45.00 1 0 0.25 1 2 1 14R  30.37875000   48.22120278 0.00 0.00 2 6 1 1 32L  30.35594722   48.23989444 0.00 0.00 2 6 1 1

1      474 0 0 OIAD Dezful / Military
100  45.00 1 0 0.25 1 2 1 14L  32.44788333   48.38635833 0.00 0.00 2 6 1 1 32R  32.42297500   48.41046667 0.00 0.00 2 6 1 1
100  35.00 1 0 0.25 1 2 1 14R  32.44650833   48.38438333 0.00 0.00 2 6 1 1 32L  32.41965833   48.41036667 0.00 0.00 2 6 1 1

1       52 0 0 OIAG Aghajari
100  45.00 1 0 0.25 1 2 1 13   30.75240000   49.66845000 0.00 0.00 2 6 1 1 31   30.73849444   49.68372778 0.00 0.00 2 6 1 1

1     2424 0 0 OIAH Gachsaran
100  30.00 1 0 0.25 1 2 1 12   30.34118056   50.82192222 0.00 0.00 2 6 1 1 30   30.32785000   50.84416944 0.00 0.00 2 6 1 1

1     1187 0 0 OIAI Masjed Soleiman / Shahid Asyaee Military
100  98.00 1 0 0.25 1 2 1 14   32.00916667   49.26166667 0.00 0.00 2 6 1 1 32   31.99555556   49.27555556 0.00 0.00 2 6 1 1

1       85 0 0 OIAJ Omidiyeh / Military
100  45.00 1 0 0.25 1 2 1 12L  30.84553056   49.52311667 0.00 0.00 2 6 1 1 30R  30.82638333   49.55224722 0.00 0.00 2 6 1 1
100  45.00 1 0 0.25 1 2 1 12R  30.84553611   49.51512778 0.00 0.00 2 6 1 1 30L  30.82308611   49.54934167 0.00 0.00 2 6 1 1

1       18 0 0 OIAM Bandar Mahshahr - Mahshahr
100  45.00 1 0 0.25 1 2 1 13   30.56513889   49.14230556 0.00 0.00 2 6 1 1 31   30.54727500   49.16135833 0.00 0.00 2 6 1 1

1       65 0 0 OIAW Ahwaz/Secondary International Aerodrome
100  45.00 1 0 0.25 1 2 1 12   31.34601944   48.74717222 0.00 0.00 2 6 1 1 30   31.32883611   48.77672222 0.00 0.00 2 6 1 1

1       18 0 0 OIBA Abumusa Island
100  45.00 1 0 0.25 1 2 1 8    25.87446111   55.01811111 0.00 0.00 2 6 1 1 26   25.87760278   55.04769444 0.00 0.00 2 6 1 1

1       72 0 0 OIBB Bushehr
100  45.00 1 0 0.25 1 2 1 13L  28.95914444   50.81841111 0.00 0.00 2 6 1 1 31R  28.93217222   50.85249444 0.00 0.00 2 6 1 1
100  45.00 1 0 0.25 1 2 1 13R  28.95753333   50.81676667 0.00 0.00 2 6 1 1 31L  28.93055833   50.85085278 0.00 0.00 2 6 1 1

1       32 0 0 OIBH Bahregan
100  30.00 1 0 0.25 1 2 1 15   29.84863056   50.26692778 0.00 0.00 2 6 1 1 33   29.83150000   50.27839167 0.00 0.00 2 6 1 1

1     2172 0 0 OIBJ Jam
100  45.00 1 0 0.25 1 2 1 11   27.82526111   52.34101389 0.00 0.00 2 6 1 1 29   27.81599444   52.36309167 0.00 0.00 2 6 1 1

1       99 0 0 OIBK Kish Island
100  45.00 1 0 0.25 1 2 1 09L  26.52954167   53.96279722 0.00 0.00 2 6 1 1 27R  26.52675000   53.99928056 0.00 0.00 2 6 1 1
100  60.00 1 0 0.25 1 2 1 09R  26.52678611   53.96249167 0.00 0.00 2 6 1 1 27L  26.52398056   53.99907778 0.00 0.00 2 6 1 1

1       75 0 0 OIBL Bandar Lengeh
100  45.00 1 0 0.25 1 2 1 8    26.53045278   54.81243889 0.00 0.00 2 6 1 1 26   26.53412778   54.83719167 0.00 0.00 2 6 1 1

1       22 0 0 OIBP Pars Special Energy Economy Zone (Pseez) / Persian Gulf
100  45.00 1 0 0.25 1 2 1 13   27.39085556   52.72189722 0.00 0.00 2 6 1 1 31   27.36824722   52.75340833 0.00 0.00 2 6 1 1

1       29 0 0 OIBQ Khark Island
100  45.00 1 0 0.25 1 2 1 13   29.26815833   50.31340833 0.00 0.00 2 6 1 1 31   29.25339444   50.33054167 0.00 0.00 2 6 1 1

1       26 0 0 OIBS Sirri Island
100  45.00 1 0 0.25 1 2 1 12   25.91656389   54.52880556 0.00 0.00 2 6 1 1 30   25.90293056   54.54934444 0.00 0.00 2 6 1 1

1       45 0 0 OIBV Lavan Island
100  45.00 1 0 0.25 1 2 1 11   26.81540833   53.34045278 0.00 0.00 2 6 1 1 29   26.80682500   53.36584722 0.00 0.00 2 6 1 1

1       49 0 0 OIBX Tunb-E- Bozorg Island
100  30.00 1 0 0.25 1 2 1 3    26.25068611   55.31113889 0.00 0.00 2 6 1 1 21   26.26798611   55.32093333 0.00 0.00 2 6 1 1

1     4301 0 0 OICC Kermanshah / Shahid Ashrafi Esfahani
100  45.00 1 0 0.25 1 2 1 11   34.35184167   47.14338056 0.00 0.00 2 6 1 1 29   34.33909722   47.17483056 0.00 0.00 2 6 1 1
54 12245 Kermanshah Tower
50 12680 Kermanshah ATIS

1     4404 0 0 OICI Ilam
100  45.00 1 0 0.25 1 2 1 14   33.59689444   46.39516667 0.00 0.00 2 6 1 1 32   33.57412778   46.41640833 0.00 0.00 2 6 1 1

1     3793 0 0 OICK Khoram Abad
100  45.00 1 0 0.25 1 2 1 11   33.44204167   48.26418333 0.00 0.00 2 6 1 1 29   33.42972500   48.29874167 0.00 0.00 2 6 1 1

1     4528 0 0 OICS Sanandaj
100  45.00 1 0 0.25 1 2 1 1    35.23146111   47.00342500 0.00 0.00 2 6 1 1 19   35.25731389   47.01377500 0.00 0.00 2 6 1 1

1     5256 0 0 OIFE Esfahan/Hesa
100  45.00 1 0 0.25 1 2 1 7    32.92654444   51.54540833 0.00 0.00 2 6 1 1 25   32.93261944   51.57663333 0.00 0.00 2 6 1 1

1     5310 0 0 OIFH Esfahan / Shahid Vatan Pour Air Base / Military
100  75.00 1 0 0.25 1 2 1 6    32.56572222   51.68638889 0.00 0.00 2 6 1 1 24   32.56880556   51.69369444 0.00 0.00 2 6 1 1

1     3490 0 0 OIFK Kashan
100  40.00 2 0 0.25 1 2 1 11   33.89952500   51.56338889 0.00 0.00 2 6 1 1 29   33.89098611   51.59068333 0.00 0.00 2 6 1 1

1     5058 0 0 OIFM Esfahan
100  45.00 1 0 0.25 1 2 1 07L  32.74873611   51.83781944 0.00 0.00 2 6 1 1 25R  32.75701944   51.88372500 0.00 0.00 2 6 1 1
100  45.00 1 0 0.25 1 2 1 07R  32.74468056   51.83884444 0.00 0.00 2 6 1 1 25L  32.75296389   51.88474444 0.00 0.00 2 6 1 1

1     5242 0 0 OIFP Esfahan / Badr Air Base / Military
100  44.00 1 0 0.25 1 2 1 8    32.61987500   51.67934167 0.00 0.00 2 6 1 1 26   32.62240278   51.71428333 0.00 0.00 2 6 1 1

1     6723 0 0 OIFS Shahre Kord
100  45.00 1 0 0.25 1 2 1 14   32.30816111   50.83307500 0.00 0.00 2 6 1 1 32   32.28547500   50.85052500 0.00 0.00 2 6 1 1

1       37 0 0 OIGG Rasht / Sardar-E-Jangal
100  45.00 1 0 0.25 1 2 1 9    37.32638611   49.58921944 0.00 0.00 2 6 1 1 27   37.32463611   49.62205278 0.00 0.00 2 6 1 1

1     5771 0 0 OIHH Hamadan
100  45.00 1 0 0.25 1 2 1 10   34.87107222   48.53926389 0.00 0.00 2 6 1 1 28   34.86227222   48.57941944 0.00 0.00 2 6 1 1

1     5453 0 0 OIHR Arak
100  45.00 1 0 0.25 1 2 1 8    34.13501667   49.82763056 0.00 0.00 2 6 1 1 26   34.14125278   49.86703056 0.00 0.00 2 6 1 1

1     5613 0 0 OIHS Hamadan - Nogeh / Military
100  45.00 1 0 0.25 1 2 1 5    35.19531111   48.62013333 0.00 0.00 2 6 1 1 23   35.21343333   48.65698889 0.00 0.00 2 6 1 1
100  45.00 1 0 0.25 1 2 1 13   35.21483056   48.65658889 0.00 0.00 2 6 1 1 31   35.18918889   48.69424167 0.00 0.00 2 6 1 1

1     3368 0 0 OIIB Eyvanakei / Boland Parvaz
100  22.00 2 0 0.25 1 2 1 9    35.36094722   51.98065278 0.00 0.00 2 6 1 1 27   35.35980556   51.99139167 0.00 0.00 2 6 1 1

1     4021 0 0 OIID Tehran / Doshan Tappeh Military
100  45.00 1 0 0.25 1 2 1 4    35.69753611   51.46795000 0.00 0.00 2 6 1 1 22   35.70840000   51.48242500 0.00 0.00 2 6 1 1

1     3305 0 0 OIIE Imam
100  45.00 1 0 0.25 1 2 1 11L  35.42533889   51.12219722 0.00 0.00 2 6 1 1 29R  35.41314722   51.16595278 0.00 0.00 2 6 1 1
100  45.00 1 0 0.25 1 2 1 11R  35.42368611   51.12151111 0.00 0.00 2 6 1 1 29L  35.41180278   51.16416111 0.00 0.00 2 6 1 1
54 11870 IKA Tower
53 12160 IKA Ground
50 12720 IKA ATIS

1     3999 0 0 OIIF Karaj / Fath / Military
100  25.00 1 0 0.25 1 2 1 13L  35.72027778   50.93333333 0.00 0.00 2 6 1 1 31R  35.71666667   50.93888889 0.00 0.00 2 6 1 1
100  25.00 1 0 0.25 1 2 1 13R  35.71972222   50.92805556 0.00 0.00 2 6 1 1 31L  35.71194444   50.93694444 0.00 0.00 2 6 1 1

1     3956 0 0 OIII Mehrabad
100  45.00 2 0 0.25 1 2 1 11L  35.69556389   51.29578056 0.00 0.00 2 6 1 1 29R  35.68452222   51.33371667 0.00 0.00 2 6 1 1
100  60.00 1 0 0.25 1 2 1 11R  35.69465000   51.29164444 0.00 0.00 2 6 1 1 29L  35.68241389   51.33362778 0.00 0.00 2 6 1 1
1300  35.68883333   51.32393611 0.0 misc jets|turboprops Gate_100
1300  35.69007500   51.32449167 0.0 misc jets|turboprops Gate_101
1300  35.68869167   51.32442222 0.0 misc jets|turboprops Gate_102
1300  35.68993611   51.32495556 0.0 misc jets|turboprops Gate_103
1300  35.68855278   51.32490556 0.0 misc jets|turboprops Gate_104
1300  35.68980000   51.32542222 0.0 misc jets|turboprops Gate_105
1300  35.68841111   51.32539167 0.0 misc jets|turboprops Gate_106
1300  35.68963056   51.32596944 0.0 misc jets|turboprops Gate_107
1300  35.68826944   51.32587222 0.0 misc jets|turboprops Gate_108
1300  35.68949444   51.32643056 0.0 misc jets|turboprops Gate_109
1300  35.68813056   51.32635833 0.0 misc jets|turboprops Gate_110
1300  35.68935833   51.32689722 0.0 misc jets|turboprops Gate_111
1300  35.68798889   51.32684167 0.0 misc jets|turboprops Gate_112
1300  35.68922222   51.32735833 0.0 misc jets|turboprops Gate_113
1300  35.68785000   51.32732500 0.0 misc jets|turboprops Gate_114
1300  35.68908611   51.32782500 0.0 misc jets|turboprops Gate_115
1300  35.68770556   51.32780833 0.0 misc jets|turboprops Gate_116
1300  35.68895000   51.32828611 0.0 misc jets|turboprops Gate_117
1300  35.68756667   51.32829444 0.0 misc jets|turboprops Gate_118
1300  35.68881389   51.32875000 0.0 misc jets|turboprops Gate_119
1300  35.68742500   51.32877778 0.0 misc jets|turboprops Gate_120
1300  35.68867500   51.32921389 0.0 misc jets|turboprops Gate_121
1300  35.68803889   51.32995833 0.0 misc jets|turboprops Gate_123
1300  35.68772222   51.33002500 0.0 misc jets|turboprops Gate_125
1300  35.68989444   51.32138333 0.0 misc jets|turboprops Gate_200
1300  35.69166389   51.31974444 0.0 misc jets|turboprops Gate_206
1300  35.69234444   51.31952500 0.0 misc jets|turboprops Gate_207
1300  35.69264722   51.31920000 0.0 misc jets|turboprops Gate_208
1300  35.69193889   51.31591944 0.0 misc jets|turboprops Gate_301
1300  35.69162500   51.31584722 0.0 misc jets|turboprops Gate_302
1300  35.69175833   51.31670000 0.0 misc jets|turboprops Gate_303
1300  35.69146944   51.31651667 0.0 misc jets|turboprops Gate_304
1300  35.69158333   51.31747778 0.0 misc jets|turboprops Gate_305
1300  35.69131667   51.31719444 0.0 misc jets|turboprops Gate_306
1300  35.69112778   51.31781667 0.0 misc jets|turboprops Gate_308
1300  35.69091944   51.31840556 0.0 misc jets|turboprops Gate_310
1300  35.69296667   51.31083889 0.0 misc jets|turboprops Gate_400
1300  35.69284722   51.31124444 0.0 misc jets|turboprops Gate_401
1300  35.69273056   51.31165278 0.0 misc jets|turboprops Gate_402
1300  35.69258056   51.31201111 0.0 misc jets|turboprops Gate_403
1300  35.69248333   51.31235278 0.0 misc jets|turboprops Gate_404
1300  35.69226667   51.31305556 0.0 misc jets|turboprops Gate_405
1300  35.69215556   51.31342500 0.0 misc jets|turboprops Gate_406
1300  35.69205000   51.31379722 0.0 misc jets|turboprops Gate_407
1300  35.69194167   51.31416667 0.0 misc jets|turboprops Gate_408
1300  35.69281389   51.31436667 0.0 misc jets|turboprops Gate_409
1300  35.69291389   51.31401389 0.0 misc jets|turboprops Gate_410
1300  35.69782222   51.29910278 0.0 misc jets|turboprops Gate_507
1300  35.69029444   51.32098611 0.0 misc jets|turboprops Gate_201/1
1300  35.69030556   51.32100833 0.0 misc jets|turboprops Gate_201/2
1300  35.69069722   51.32068056 0.0 misc jets|turboprops Gate_202/1
1300  35.69070833   51.32070556 0.0 misc jets|turboprops Gate_202/2
1300  35.69148333   51.32007500 0.0 misc jets|turboprops Gate_204/1
1300  35.69149167   51.32008611 0.0 misc jets|turboprops Gate_204/2
54 11810 Mehrabad Tower
53 12190 Mehrabad Ground
55 12510 Mehrabad Approach

1     4184 0 0 OIIK Ghazvin
100  40.00 1 0 0.25 1 2 1 10   36.24092778   50.04102222 0.00 0.00 2 6 1 1 28   36.23919167   50.05328056 0.00 0.00 2 6 1 1

1     4040 0 0 OIIM Karaj/Naja / Military
100  23.00 1 0 0.25 1 2 1 12   35.78001944   50.87698889 0.00 0.00 2 6 1 1 30   35.77247500   50.88510278 0.00 0.00 2 6 1 1

1     4170 0 0 OIIP Karaj - Payam
100  45.00 1 0 0.25 1 2 1 12   35.78614444   50.81094167 0.00 0.00 2 6 1 1 30   35.76578333   50.84289444 0.00 0.00 2 6 1 1

1     3718 0 0 OIIS Semnan
100  45.00 1 0 0.25 1 2 1 3    35.57941111   53.48353611 0.00 0.00 2 6 1 1 21   35.60118611   53.50496111 0.00 0.00 2 6 1 1

1       22 0 0 OIKB Bandar Abbas
100  30.00 1 0 0.25 1 2 1 03L  27.20503889   56.36860278 0.00 0.00 2 6 1 1 21R  27.23265278   56.38486389 0.00 0.00 2 6 1 1
100  45.00 1 0 0.25 1 2 1 03R  27.20315278   56.37034444 0.00 0.00 2 6 1 1 21L  27.23239167   56.38755833 0.00 0.00 2 6 1 1

1     2661 0 0 OIKJ Jiroft
100  45.00 1 0 0.25 1 2 1 13   28.73324444   57.66145278 0.00 0.00 2 6 1 1 31   28.71463333   57.68781667 0.00 0.00 2 6 1 1

1     5732 0 0 OIKK Kerman
100  45.00 1 0 0.25 1 2 1 16L  30.28941389   56.94410833 0.00 0.00 2 6 1 1 34R  30.25713056   56.95888333 0.00 0.00 2 6 1 1
100  45.00 1 0 0.25 1 2 1 16R  30.28870278   56.94208333 0.00 0.00 2 6 1 1 34L  30.25643056   56.95685278 0.00 0.00 2 6 1 1

1     3231 0 0 OIKM Bam
100  45.00 1 0 0.25 1 2 1 12   29.09239722   58.43539444 0.00 0.00 2 6 1 1 30   29.07594167   58.46468889 0.00 0.00 2 6 1 1

1       19 0 0 OIKP Bandar Abbas / Havadarya / Military
100  35.00 1 0 0.25 1 2 1 8    27.15722222   56.15916667 0.00 0.00 2 6 1 1 26   27.16194444   56.18500000 0.00 0.00 2 6 1 1

1       45 0 0 OIKQ Gheshm Island
100  45.00 1 0 0.25 1 2 1 5    26.74225556   55.88620000 0.00 0.00 2 6 1 1 23   26.76702222   55.91850833 0.00 0.00 2 6 1 1

1     5290 0 0 OIKR Rafsanjan
100  45.00 1 0 0.25 1 2 1 11   30.30279722   56.03678889 0.00 0.00 2 6 1 1 29   30.29263611   56.06568889 0.00 0.00 2 6 1 1

1     5847 0 0 OIKY Sirjan
100  45.00 1 0 0.25 1 2 1 13   29.56197222   55.65848333 0.00 0.00 2 6 1 1 31   29.53951111   55.68738333 0.00 0.00 2 6 1 1

1     4979 0 0 OIMB Birjand
100  30.00 1 0 0.25 1 2 1 8    32.89510833   59.25532778 0.00 0.00 2 6 1 1 26   32.89895833   59.27814444 0.00 0.00 2 6 1 1
100  45.00 1 0 0.25 1 2 1 10   32.89651944   59.26968056 0.00 0.00 2 6 1 1 28   32.89133333   59.30979722 0.00 0.00 2 6 1 1

1      953 0 0 OIMC Sarakhs
100  45.00 1 0 0.25 1 2 1 14   36.51556944   61.05248056 0.00 0.00 2 6 1 1 32   36.48690278   61.07714167 0.00 0.00 2 6 1 1

1     3950 0 0 OIMG Mashhad/Golbahar
100  15.00 2 0 0.25 1 2 1 13   36.59786667   59.19038333 0.00 0.00 2 6 1 1 31   36.59335000   59.19673333 0.00 0.00 2 6 1 1

1     4215 0 0 OIMJ Shahroud
100  45.00 1 0 0.25 1 2 1 7    36.42013611   55.08762778 0.00 0.00 2 6 1 1 25   36.42930556   55.11956944 0.00 0.00 2 6 1 1

1     3266 0 0 OIMM Mashhad / Shahid Hashemi Nejad International
100  45.00 1 0 0.25 1 2 1 13L  36.24769722   59.62645278 0.00 0.00 2 6 1 1 31R  36.22401389   59.65714167 0.00 0.00 2 6 1 1
100  45.00 1 0 0.25 1 2 1 13R  36.24666944   59.62439722 0.00 0.00 2 6 1 1 31L  36.22230278   59.65597500 0.00 0.00 2 6 1 1
54 11810 Mashhad Tower
53 12190 Mashhad Ground
55 12730 Mashhad Approach

1     3567 0 0 OIMN Bojnord
100  45.00 1 0 0.25 1 2 1 7    37.48467500   57.27923333 0.00 0.00 2 6 1 1 25   37.49792778   57.32571944 0.00 0.00 2 6 1 1

1     3770 0 0 OIMQ Kashmar
100  22.00 2 0 0.25 1 2 1 9    35.26346667   58.51091111 0.00 0.00 2 6 1 1 27   35.26278333   58.51963056 0.00 0.00 2 6 1 1

1     3010 0 0 OIMS Sabzevar
100  45.00 1 0 0.25 1 2 1 9    36.16927222   57.57758056 0.00 0.00 2 6 1 1 27   36.16689444   57.61278611 0.00 0.00 2 6 1 1

1     2251 0 0 OIMT Tabas
100  45.00 1 0 0.25 1 2 1 15   33.67956111   56.88484722 0.00 0.00 2 6 1 1 33   33.65591944   56.90050278 0.00 0.00 2 6 1 1

1      433 0 0 OINE Kalaleh
100  30.00 1 0 0.25 1 2 1 10   37.38581944   55.43988611 0.00 0.00 2 6 1 1 28   37.38070833   55.46408611 0.00 0.00 2 6 1 1

1       28 0 0 OING Gorgan
100  45.00 1 0 0.25 1 2 1 13   36.92285833   54.38394722 0.00 0.00 2 6 1 1 31   36.90223889   54.41063056 0.00 0.00 2 6 1 1

1       79 0 0 OINJ Bishe Kola / Military
100  29.00 1 0 0.25 1 2 1 9    36.65426389   52.34413056 0.00 0.00 2 6 1 1 27   36.65606389   52.35514444 0.00 0.00 2 6 1 1

1       61 0 0 OINN Noshahr
100  35.00 1 0 0.25 1 2 1 10   36.66655278   51.45442778 0.00 0.00 2 6 1 1 28   36.66068889   51.47599444 0.00 0.00 2 6 1 1

1       66 0 0 OINR Ramsar
100  30.00 1 0 0.25 1 2 1 13   36.91428056   50.67317778 0.00 0.00 2 6 1 1 31   36.90553333   50.68600556 0.00 0.00 2 6 1 1
100  45.00 2 0 0.25 1 2 1 12   36.91236944   50.67731667 0.00 0.00 2 6 1 1 30   36.90119444   50.69865278 0.00 0.00 2 6 1 1

1       37 0 0 OINZ Sari / Dasht-E-Naz
100  45.00 1 0 0.25 1 2 1 16   36.65578889   53.18384722 0.00 0.00 2 6 1 1 34   36.63329444   53.19354444 0.00 0.00 2 6 1 1

1     4293 0 0 OISF Fasa
100  30.00 1 0 0.25 1 2 1 14   28.89882778   53.71666111 0.00 0.00 2 6 1 1 32   28.88556944   53.72973333 0.00 0.00 2 6 1 1

1     3374 0 0 OISJ Jahrom
100  30.00 1 0 0.25 1 2 1 8    28.58520000   53.56735833 0.00 0.00 2 6 1 1 26   28.58817222   53.59131389 0.00 0.00 2 6 1 1

1     2643 0 0 OISL Lar
100  45.00 1 0 0.25 1 2 1 9    27.67458056   54.36736111 0.00 0.00 2 6 1 1 27   27.67501944   54.39947500 0.00 0.00 2 6 1 1

1     5400 0 0 OISO Zarghan
100  18.00 1 0 0.25 1 2 1 2    29.74973611   52.69086111 0.00 0.00 2 6 1 1 20   29.75935278   52.69639444 0.00 0.00 2 6 1 1

1     1336 0 0 OISR Lamerd
100  45.00 1 0 0.25 1 2 1 11   27.37868056   53.17440278 0.00 0.00 2 6 1 1 29   27.36749167   53.20266389 0.00 0.00 2 6 1 1

1     4917 0 0 OISS Shiraz / Shahid Dastghaib
100  45.00 1 0 0.25 1 2 1 11L  29.54913889   52.57044722 0.00 0.00 2 6 1 1 29R  29.53294722   52.61114444 0.00 0.00 2 6 1 1
100  45.00 1 0 0.25 1 2 1 11R  29.54514722   52.56908889 0.00 0.00 2 6 1 1 29L  29.52919167   52.60918889 0.00 0.00 2 6 1 1
54 11810 Shiraz Tower
53 12190 Shiraz Ground
55 11900 Shiraz Approach

1     5939 0 0 OISY Yasouj
100   4.00 1 0 0.25 1 2 1 13   30.71204722   51.53044444 0.00 0.00 2 6 1 1 31   30.69255556   51.55508889 0.00 0.00 2 6 1 1

1     3964 0 0 OITK Khoy
100  30.00 1 0 0.25 1 2 1 15   38.43904722   44.96729722 0.00 0.00 2 6 1 1 33   38.41582500   44.97984444 0.00 0.00 2 6 1 1

1     4319 0 0 OITL Ardabil
100  45.00 1 0 0.25 1 2 1 15   38.33838889   48.41480000 0.00 0.00 2 6 1 1 33   38.31268333   48.43370833 0.00 0.00 2 6 1 1
100  45.00 1 0 0.25 1 2 1 7    38.31095556   48.40180000 0.00 0.00 2 6 1 1 25   38.31681111   48.42940000 0.00 0.00 2 6 1 1

1     4397 0 0 OITM Sahand
100  30.00 1 0 0.25 1 2 1 8    37.34691944   46.11241944 0.00 0.00 2 6 1 1 26   37.34916944   46.14445556 0.00 0.00 2 6 1 1

1      249 0 0 OITP Parsabade Moghan
100  45.00 1 0 0.25 1 2 1 11   39.60774444   47.86750556 0.00 0.00 2 6 1 1 29   39.59950833   47.89566389 0.00 0.00 2 6 1 1

1     4342 0 0 OITR Uromiyeh
100  45.00 1 0 0.25 1 2 1 3    37.65584167   45.05866944 0.00 0.00 2 6 1 1 21   37.68040278   45.07876389 0.00 0.00 2 6 1 1

1     4449 0 0 OITT Tabriz
100  45.00 2 0 0.25 1 2 1 12L  38.14397222   46.21936667 0.00 0.00 2 6 1 1 30R  38.12330556   46.25183889 0.00 0.00 2 6 1 1
100  45.00 1 0 0.25 1 2 1 12R  38.14290000   46.21763889 0.00 0.00 2 6 1 1 30L  38.12165000   46.25103056 0.00 0.00 2 6 1 1

1     3169 0 0 OITU Maku
100  45.00 1 0 0.25 1 2 1 11   39.19711667   44.91217778 0.00 0.00 2 6 1 1 29   39.18526389   44.94530000 0.00 0.00 2 6 1 1

1     5380 0 0 OITZ Zanjan
100  45.00 1 0 0.25 1 2 1 12   36.78276111   48.34411111 0.00 0.00 2 6 1 1 30   36.76560833   48.37291944 0.00 0.00 2 6 1 1

1     3900 0 0 OIYP Yazd / Pardis Yazd / General Aviation
100  18.00 1 0 0.25 1 2 1 12   31.99018611   54.36540556 0.00 0.00 2 6 1 1 30   31.98650833   54.37264722 0.00 0.00 2 6 1 1

1     4303 0 0 OIYR Mehriz / Imam Reza
100  23.00 2 0 0.25 1 2 1 13   31.69831111   54.56999722 0.00 0.00 2 6 1 1 31   31.68979167   54.58063889 0.00 0.00 2 6 1 1

1     4054 0 0 OIYY Yazd / Shahid Sadooghi
100  45.00 1 0 0.25 1 2 1 13   31.91750278   54.26065833 0.00 0.00 2 6 1 1 31   31.89228889   54.29235278 0.00 0.00 2 6 1 1

1     1577 0 0 OIZB Zabol
100  45.00 1 0 0.25 1 2 1 16   31.11032222   61.54051944 0.00 0.00 2 6 1 1 34   31.08396667   61.54770000 0.00 0.00 2 6 1 1

1       24 0 0 OIZC Chah Bahar - Konarak
100  45.00 1 0 0.25 1 2 1 09L  25.44537500   60.36535556 0.00 0.00 2 6 1 1 27R  25.44494167   60.40299167 0.00 0.00 2 6 1 1
100  45.00 1 0 0.25 1 2 1 09R  25.44151111   60.36513056 0.00 0.00 2 6 1 1 27L  25.44109722   60.39494167 0.00 0.00 2 6 1 1

1     4520 0 0 OIZH Zahedan
100  45.00 1 0 0.25 1 2 1 17R  29.49463056   60.90223056 0.00 0.00 2 6 1 1 35L  29.45644167   60.90771111 0.00 0.00 2 6 1 1
100  45.00 1 0 0.25 1 2 1 17L  29.49489167   60.90468611 0.00 0.00 2 6 1 1 35R  29.45671111   60.91016111 0.00 0.00 2 6 1 1

1     1983 0 0 OIZI Iran Shahr
100  45.00 1 0 0.25 1 2 1 17   27.24654722   60.71821111 0.00 0.00 2 6 1 1 35   27.22569444   60.72193333 0.00 0.00 2 6 1 1

1     3943 0 0 OIZS Saravan
100  45.00 1 0 0.25 1 2 1 13   27.42892222   62.30400556 0.00 0.00 2 6 1 1 31   27.40874722   62.32854167 0.00 0.00 2 6 1 1

99
